random_numbers <-
c(171232, 682784, 338850, 972279, 466199, 615165, 251671, 472549, 
382866, 360606, 565704, 359736, 728668, 3494, 152416, 86284, 
99250, 175844, 376047, 803853, 49440, 110698, 974699, 149111, 
610677, 984849, 377821, 725568, 826107, 818054, 637696, 496283, 
654926, 228523, 554869, 909460, 216596, 632569, 297362, 148618, 
856393, 474905, 122219, 237773, 290663, 88516, 94585, 825080, 
219261, 457069, 724089, 773091, 695544, 311121, 96542, 169690, 
957675, 513582, 806737, 45522, 788881, 441525, 748263, 256323, 
758178, 408589, 614201, 831229, 341090, 757732, 247350, 443040, 
653490, 583285, 630805, 574087, 730085, 895743, 809472, 114400, 
254460, 949796, 368255, 512097, 178890, 441026, 540647, 843075, 
932254, 294845, 433803, 323333, 564263, 44421, 20577, 220209, 
535682, 238598, 226390, 686098)
